# relative_time, cycles_done, cur_item, corpus_count, pending_total, pending_favs, map_size, saved_crashes, saved_hangs, max_depth, execs_per_sec, total_execs, edges_found, total_crashes, servers_count
61, 0, 2, 377, 369, 5, 4.49%, 0, 0, 2, 761.17, 46867, 1101, 0, 0
66, 0, 2, 386, 378, 5, 4.50%, 0, 0, 2, 762.35, 50770, 1103, 0, 0
71, 0, 2, 403, 395, 5, 4.52%, 0, 0, 2, 760.99, 54624, 1107, 0, 0
76, 0, 373, 432, 422, 67, 4.54%, 0, 0, 3, 759.38, 58512, 1112, 0, 0
81, 0, 373, 453, 443, 67, 4.62%, 0, 0, 3, 760.26, 62394, 1132, 0, 0
86, 0, 373, 467, 457, 67, 4.64%, 0, 0, 3, 760.06, 66272, 1138, 0, 0
91, 0, 373, 480, 470, 67, 4.65%, 0, 0, 3, 757.33, 70173, 1140, 0, 0
96, 0, 373, 490, 480, 67, 4.66%, 0, 0, 3, 758.59, 74083, 1141, 0, 0
102, 0, 373, 501, 491, 67, 4.66%, 0, 0, 3, 757.31, 78000, 1141, 0, 0
107, 0, 373, 508, 498, 67, 4.66%, 0, 0, 3, 760.54, 81904, 1141, 0, 0
112, 0, 373, 519, 509, 67, 4.66%, 0, 0, 3, 760.41, 85791, 1142, 0, 0
117, 0, 373, 527, 517, 67, 4.68%, 0, 0, 3, 761.17, 89702, 1148, 0, 0
122, 0, 373, 531, 521, 67, 4.72%, 0, 0, 3, 759.49, 93630, 1156, 0, 0
127, 0, 373, 536, 526, 67, 4.72%, 0, 0, 3, 761.05, 97550, 1156, 0, 0
132, 0, 373, 541, 531, 67, 4.72%, 0, 0, 3, 758.66, 101455, 1157, 0, 0
138, 0, 373, 546, 536, 67, 4.72%, 0, 0, 3, 760.61, 105375, 1157, 0, 0
143, 0, 341, 552, 538, 77, 4.73%, 0, 0, 3, 759.45, 109271, 1158, 0, 0
148, 0, 341, 561, 547, 77, 4.73%, 0, 0, 3, 759.57, 113150, 1160, 0, 0
153, 0, 341, 567, 553, 77, 4.74%, 0, 0, 3, 758.95, 117047, 1161, 0, 0
158, 0, 341, 572, 558, 77, 4.77%, 0, 0, 3, 760.43, 120967, 1170, 0, 0
163, 0, 341, 578, 564, 77, 4.79%, 0, 0, 3, 759.61, 124894, 1173, 0, 0
168, 0, 341, 581, 567, 77, 4.79%, 0, 0, 3, 761.79, 128830, 1174, 0, 0
174, 0, 341, 584, 570, 77, 4.80%, 0, 0, 3, 762.53, 132781, 1175, 0, 0
179, 0, 341, 586, 572, 77, 4.80%, 0, 0, 3, 764.27, 136725, 1175, 0, 0
182, 0, 341, 589, 575, 77, 4.80%, 0, 0, 3, 763.84, 139285, 1176, 0, 0
