# relative_time, cycles_done, cur_item, corpus_count, pending_total, pending_favs, map_size, saved_crashes, saved_hangs, max_depth, execs_per_sec, total_execs, edges_found, total_crashes, servers_count
61, 0, 4, 1860, 1859, 15, 12.83%, 0, 0, 2, 858.20, 55553, 6389, 0, 0
66, 0, 4, 1977, 1976, 15, 12.92%, 0, 0, 2, 974.54, 60702, 6432, 0, 0
71, 0, 4, 2033, 2032, 15, 12.95%, 0, 0, 2, 919.47, 65260, 6449, 0, 0
76, 0, 4, 2113, 2112, 15, 13.01%, 0, 0, 2, 894.76, 69868, 6480, 0, 0
81, 0, 4, 2161, 2160, 15, 13.03%, 0, 0, 2, 967.29, 75308, 6490, 0, 0
87, 0, 4, 2230, 2229, 15, 13.08%, 0, 0, 2, 939.62, 80094, 6513, 0, 0
92, 0, 4, 2287, 2286, 15, 13.09%, 0, 0, 2, 1009.11, 85384, 6521, 0, 0
97, 0, 4, 2360, 2359, 15, 13.19%, 0, 0, 2, 1078.02, 91784, 6569, 0, 0
102, 0, 4, 2367, 2366, 15, 13.19%, 0, 0, 2, 919.21, 96261, 6569, 0, 0
107, 0, 4, 2374, 2373, 15, 13.19%, 0, 0, 2, 938.99, 101098, 6569, 0, 0
112, 0, 4, 2387, 2386, 15, 13.22%, 0, 0, 2, 977.77, 106024, 6582, 0, 0
117, 0, 4, 2412, 2411, 15, 13.23%, 0, 0, 2, 975.21, 110987, 6589, 0, 0
122, 0, 4, 2431, 2430, 15, 13.26%, 0, 0, 2, 1045.78, 116347, 6605, 0, 0
127, 0, 4, 2453, 2452, 15, 13.28%, 0, 0, 2, 1021.12, 121541, 6612, 0, 0
132, 0, 4, 2477, 2476, 15, 13.28%, 0, 0, 2, 976.57, 126471, 6616, 0, 0
137, 0, 4, 2503, 2502, 15, 13.33%, 0, 0, 2, 979.78, 131593, 6639, 0, 0
142, 0, 4, 2530, 2529, 15, 13.34%, 0, 0, 2, 907.85, 136084, 6641, 0, 0
148, 0, 4, 2558, 2557, 15, 13.35%, 0, 0, 2, 908.62, 140690, 6647, 0, 0
153, 0, 4, 2585, 2584, 15, 13.36%, 0, 0, 2, 935.60, 145523, 6653, 0, 0
158, 0, 4, 2610, 2609, 15, 13.37%, 0, 0, 2, 970.94, 150411, 6658, 0, 0
163, 0, 4, 2615, 2614, 15, 13.37%, 0, 0, 2, 922.85, 155039, 6658, 0, 0
168, 0, 4, 2645, 2644, 15, 13.37%, 0, 0, 2, 1423.02, 162269, 6660, 0, 0
173, 0, 4, 2651, 2650, 15, 13.37%, 0, 0, 2, 980.51, 167171, 6660, 0, 0
178, 0, 4, 2654, 2653, 15, 13.38%, 0, 0, 2, 1151.02, 173122, 6661, 0, 0
183, 0, 4, 2663, 2662, 15, 13.38%, 0, 0, 2, 1036.27, 178227, 6664, 0, 0
188, 0, 4, 2674, 2673, 15, 13.40%, 0, 0, 2, 1028.85, 183384, 6673, 0, 0
193, 0, 4, 2687, 2686, 15, 13.41%, 0, 0, 2, 1046.96, 188851, 6677, 0, 0
198, 0, 4, 2693, 2692, 15, 13.41%, 0, 0, 2, 1408.97, 195469, 6679, 0, 0
204, 0, 4, 2696, 2695, 15, 13.41%, 0, 0, 2, 1150.39, 201400, 6679, 0, 0
209, 0, 4, 2716, 2715, 15, 13.42%, 0, 0, 2, 1009.59, 206371, 6682, 0, 0
214, 0, 4, 2748, 2747, 15, 13.43%, 0, 0, 2, 1133.57, 212062, 6688, 0, 0
219, 0, 4, 2754, 2753, 15, 13.48%, 0, 0, 2, 1054.35, 217268, 6711, 0, 0
224, 0, 4, 2781, 2780, 15, 13.49%, 0, 0, 2, 1044.55, 222517, 6719, 0, 0
229, 0, 4, 2807, 2806, 15, 13.50%, 0, 0, 2, 1098.17, 227983, 6722, 0, 0
234, 0, 4, 2831, 2830, 15, 13.50%, 0, 0, 2, 1044.59, 233227, 6723, 0, 0
239, 0, 4, 2851, 2850, 15, 13.51%, 0, 0, 2, 1065.51, 238607, 6729, 0, 0
244, 0, 4, 2870, 2869, 15, 13.52%, 0, 0, 2, 1347.82, 245559, 6732, 0, 0
249, 0, 4, 2879, 2878, 15, 13.53%, 0, 0, 2, 1741.06, 253795, 6736, 0, 0
254, 0, 4, 2894, 2893, 15, 13.53%, 0, 0, 2, 1445.41, 261312, 6736, 0, 0
259, 0, 4, 2914, 2913, 15, 13.54%, 0, 0, 2, 1246.03, 267444, 6743, 0, 0
264, 0, 4, 2945, 2944, 15, 13.55%, 0, 0, 2, 1212.55, 273493, 6747, 0, 0
269, 0, 4, 2992, 2991, 15, 13.55%, 0, 0, 2, 1330.43, 280156, 6749, 0, 0
275, 0, 4, 3015, 3014, 15, 13.56%, 0, 0, 2, 1201.00, 286252, 6754, 0, 0
280, 0, 4, 3036, 3035, 15, 13.56%, 0, 0, 2, 1171.71, 292264, 6755, 0, 0
285, 0, 4, 3053, 3052, 15, 13.57%, 0, 0, 2, 1267.46, 298597, 6758, 0, 0
290, 0, 4, 3067, 3066, 15, 13.57%, 0, 0, 2, 2052.71, 308007, 6758, 0, 0
295, 0, 4, 3069, 3068, 15, 13.57%, 0, 0, 2, 1092.51, 312327, 6758, 0, 0
300, 0, 4, 3074, 3073, 15, 13.57%, 0, 0, 2, 739.84, 324191, 6758, 0, 0
305, 0, 4, 3079, 3078, 15, 13.58%, 0, 0, 2, 4619.55, 338288, 6761, 0, 0
310, 0, 4, 3082, 3081, 15, 13.58%, 0, 0, 2, 5102.21, 366051, 6761, 0, 0
315, 0, 4, 3158, 3157, 15, 13.59%, 0, 0, 2, 2272.08, 374671, 6766, 0, 0
320, 0, 4, 3219, 3218, 15, 13.60%, 0, 0, 2, 2157.57, 386209, 6773, 0, 0
325, 0, 4, 3276, 3275, 15, 13.63%, 0, 0, 2, 2102.27, 396643, 6790, 0, 0
330, 0, 4, 3359, 3358, 15, 13.64%, 0, 0, 2, 1826.01, 405371, 6792, 0, 0
335, 0, 4, 3427, 3426, 15, 13.65%, 0, 0, 2, 1816.55, 414416, 6797, 0, 0
341, 0, 4, 3482, 3481, 15, 13.65%, 0, 0, 2, 1928.82, 424331, 6798, 0, 0
346, 0, 4, 3523, 3522, 15, 13.65%, 0, 0, 2, 2290.80, 435057, 6799, 0, 0
351, 0, 4, 3565, 3564, 15, 13.67%, 0, 0, 2, 1977.47, 444061, 6806, 0, 0
356, 0, 4, 3631, 3630, 15, 13.67%, 0, 0, 2, 1768.08, 453205, 6809, 0, 0
361, 0, 4, 3705, 3704, 15, 13.71%, 0, 0, 2, 1670.06, 461812, 6830, 0, 0
366, 0, 4, 3755, 3754, 15, 13.72%, 0, 0, 2, 1809.39, 471225, 6835, 0, 0
371, 0, 4, 3805, 3804, 15, 13.74%, 0, 0, 2, 1997.97, 481592, 6841, 0, 0
376, 0, 4, 3841, 3840, 15, 13.75%, 0, 0, 2, 2393.63, 493759, 6847, 0, 0
381, 0, 4, 3888, 3887, 15, 13.83%, 0, 0, 2, 1908.09, 503278, 6885, 0, 0
386, 0, 4, 3913, 3912, 15, 13.83%, 0, 0, 2, 2232.65, 515663, 6886, 0, 0
391, 0, 4, 3948, 3947, 15, 13.83%, 0, 0, 2, 1643.89, 523004, 6888, 0, 0
