# relative_time, cycles_done, cur_item, corpus_count, pending_total, pending_favs, map_size, saved_crashes, saved_hangs, max_depth, execs_per_sec, total_execs, edges_found, total_crashes, servers_count
61, 0, 0, 421, 421, 1, 8.48%, 0, 0, 2, 147.21, 9795, 4214, 0, 0
66, 0, 0, 421, 421, 1, 8.48%, 0, 0, 2, 147.04, 10545, 4214, 0, 0
71, 0, 0, 421, 421, 1, 8.48%, 0, 0, 2, 146.91, 11295, 4214, 0, 0
76, 0, 0, 421, 421, 1, 8.48%, 0, 0, 2, 145.75, 12043, 4214, 0, 0
81, 0, 0, 421, 421, 1, 8.48%, 0, 0, 2, 146.29, 12793, 4214, 0, 0
87, 0, 0, 421, 421, 1, 8.48%, 0, 0, 2, 145.97, 13541, 4214, 0, 0
92, 0, 0, 422, 422, 1, 8.51%, 0, 0, 2, 145.33, 14284, 4229, 0, 0
97, 0, 0, 432, 432, 1, 8.56%, 0, 0, 2, 145.64, 15038, 4256, 0, 0
102, 0, 0, 500, 500, 1, 9.41%, 0, 0, 2, 163.37, 15981, 4681, 0, 0
107, 0, 0, 550, 550, 1, 9.63%, 0, 0, 2, 148.09, 16721, 4787, 0, 0
112, 0, 0, 566, 566, 1, 9.65%, 0, 0, 2, 145.72, 17452, 4797, 0, 0
117, 0, 0, 576, 576, 1, 9.65%, 0, 0, 2, 144.68, 18180, 4797, 0, 0
122, 0, 0, 587, 587, 1, 9.65%, 0, 0, 2, 145.11, 18915, 4798, 0, 0
127, 0, 0, 603, 603, 1, 9.69%, 0, 0, 2, 144.48, 19651, 4820, 0, 0
132, 0, 0, 626, 626, 1, 9.79%, 0, 0, 2, 144.97, 20375, 4870, 0, 0
137, 0, 0, 649, 649, 1, 9.84%, 0, 0, 2, 144.42, 21109, 4895, 0, 0
143, 0, 0, 662, 662, 1, 9.87%, 0, 0, 2, 145.11, 21862, 4909, 0, 0
148, 0, 0, 668, 668, 1, 9.88%, 0, 0, 2, 142.69, 22600, 4912, 0, 0
153, 0, 0, 670, 670, 1, 9.88%, 0, 0, 2, 144.99, 23350, 4913, 0, 0
158, 0, 0, 675, 675, 1, 9.89%, 0, 0, 2, 145.09, 24099, 4919, 0, 0
163, 0, 0, 679, 679, 1, 9.91%, 0, 0, 2, 145.74, 24851, 4927, 0, 0
168, 0, 0, 683, 683, 1, 9.91%, 0, 0, 2, 145.16, 25595, 4929, 0, 0
173, 0, 0, 685, 685, 1, 9.92%, 0, 0, 2, 146.18, 26347, 4931, 0, 0
179, 0, 0, 686, 686, 1, 9.92%, 0, 0, 2, 146.42, 27098, 4932, 0, 0
184, 0, 0, 687, 687, 1, 9.92%, 0, 0, 2, 146.43, 27855, 4932, 0, 0
189, 0, 0, 707, 707, 1, 9.95%, 0, 0, 2, 145.37, 28599, 4949, 0, 0
194, 0, 0, 713, 713, 1, 10.01%, 0, 0, 2, 146.12, 29351, 4976, 0, 0
199, 0, 0, 729, 729, 1, 10.05%, 0, 0, 2, 145.72, 30083, 4999, 0, 0
204, 0, 0, 729, 729, 1, 10.05%, 0, 0, 2, 146.39, 30833, 4999, 0, 0
209, 0, 0, 742, 742, 1, 10.09%, 0, 0, 2, 144.88, 31560, 5019, 0, 0
214, 0, 0, 758, 758, 1, 10.14%, 0, 0, 2, 144.55, 32286, 5043, 0, 0
219, 0, 0, 782, 782, 1, 10.22%, 0, 0, 2, 144.57, 33028, 5083, 0, 0
224, 0, 0, 797, 797, 1, 10.26%, 0, 0, 2, 144.17, 33755, 5101, 0, 0
230, 0, 0, 809, 809, 1, 10.30%, 0, 0, 2, 145.35, 34491, 5121, 0, 0
235, 0, 0, 809, 809, 1, 10.30%, 0, 0, 2, 145.94, 35239, 5121, 0, 0
240, 0, 0, 809, 809, 1, 10.30%, 0, 0, 2, 146.19, 35987, 5121, 0, 0
245, 0, 0, 809, 809, 1, 10.30%, 0, 0, 2, 146.02, 36737, 5121, 0, 0
250, 0, 0, 809, 809, 1, 10.30%, 0, 0, 2, 145.80, 37485, 5121, 0, 0
255, 0, 0, 809, 809, 1, 10.30%, 0, 0, 2, 145.92, 38235, 5121, 0, 0
260, 0, 0, 812, 812, 1, 10.31%, 0, 0, 2, 127.21, 38869, 5125, 0, 0
265, 0, 0, 812, 812, 1, 10.31%, 0, 0, 2, 142.36, 39617, 5125, 0, 0
271, 0, 0, 812, 812, 1, 10.31%, 0, 0, 2, 142.41, 40345, 5125, 0, 0
276, 0, 0, 812, 812, 1, 10.31%, 0, 0, 2, 144.86, 41093, 5125, 0, 0
281, 0, 0, 812, 812, 1, 10.31%, 0, 0, 2, 145.52, 41843, 5125, 0, 0
286, 0, 0, 816, 816, 1, 10.31%, 0, 0, 2, 143.67, 42561, 5127, 0, 0
291, 0, 0, 816, 816, 1, 10.31%, 0, 0, 2, 146.12, 43311, 5127, 0, 0
296, 0, 0, 816, 816, 1, 10.31%, 0, 0, 2, 145.71, 44059, 5127, 0, 0
301, 0, 0, 839, 839, 1, 10.38%, 0, 0, 2, 144.61, 44794, 5160, 0, 0
306, 0, 0, 863, 863, 1, 10.47%, 0, 0, 2, 144.59, 45540, 5207, 0, 0
312, 0, 0, 892, 892, 1, 10.53%, 0, 0, 2, 143.96, 46281, 5234, 0, 0
317, 0, 0, 909, 909, 1, 10.56%, 0, 0, 2, 134.99, 46951, 5251, 0, 0
322, 0, 0, 919, 919, 1, 10.61%, 0, 0, 2, 137.96, 47650, 5277, 0, 0
327, 0, 0, 958, 958, 1, 10.71%, 0, 0, 2, 141.43, 48382, 5327, 0, 0
332, 0, 0, 967, 967, 1, 10.73%, 0, 0, 2, 144.14, 49109, 5335, 0, 0
337, 0, 0, 968, 968, 1, 10.73%, 0, 0, 2, 136.67, 49804, 5335, 0, 0
342, 0, 0, 996, 996, 1, 10.76%, 0, 0, 2, 137.41, 50527, 5352, 0, 0
347, 0, 0, 1046, 1046, 1, 10.87%, 0, 0, 2, 138.58, 51239, 5404, 0, 0
352, 0, 0, 1059, 1059, 1, 10.89%, 0, 0, 2, 143.65, 51970, 5415, 0, 0
357, 0, 0, 1078, 1078, 1, 10.95%, 0, 0, 2, 144.30, 52696, 5443, 0, 0
362, 0, 0, 1099, 1099, 1, 10.99%, 0, 0, 2, 144.70, 53438, 5466, 0, 0
367, 0, 0, 1128, 1128, 1, 11.12%, 0, 0, 2, 125.41, 54067, 5527, 0, 0
373, 0, 0, 1149, 1149, 1, 11.19%, 0, 0, 2, 138.51, 54780, 5564, 0, 0
378, 0, 0, 1177, 1177, 1, 11.25%, 0, 0, 2, 144.90, 55534, 5594, 0, 0
383, 0, 0, 1184, 1184, 1, 11.26%, 0, 0, 2, 142.46, 56273, 5598, 0, 0
388, 0, 0, 1187, 1187, 1, 11.26%, 0, 0, 2, 141.44, 57012, 5601, 0, 0
393, 0, 0, 1206, 1206, 1, 11.31%, 0, 0, 2, 136.29, 57695, 5622, 0, 0
398, 0, 0, 1213, 1213, 1, 11.32%, 0, 0, 2, 120.11, 58332, 5627, 0, 0
404, 0, 0, 1230, 1230, 1, 11.34%, 0, 0, 2, 124.51, 58955, 5640, 0, 0
409, 0, 0, 1243, 1243, 1, 11.37%, 0, 0, 2, 136.82, 59664, 5654, 0, 0
414, 0, 0, 1249, 1249, 1, 11.38%, 0, 0, 2, 138.89, 60368, 5657, 0, 0
419, 0, 0, 1253, 1253, 1, 11.42%, 0, 0, 2, 144.66, 61106, 5680, 0, 0
424, 0, 0, 1261, 1261, 1, 11.44%, 0, 0, 2, 144.58, 61834, 5689, 0, 0
429, 0, 0, 1264, 1264, 1, 11.45%, 0, 0, 2, 137.50, 62521, 5692, 0, 0
434, 0, 0, 1274, 1274, 1, 11.46%, 0, 0, 2, 138.09, 63221, 5698, 0, 0
439, 0, 0, 1276, 1276, 1, 11.46%, 0, 0, 2, 127.70, 63889, 5700, 0, 0
444, 0, 0, 1281, 1281, 1, 11.47%, 0, 0, 2, 138.88, 64615, 5704, 0, 0
449, 0, 0, 1289, 1289, 1, 11.50%, 0, 0, 2, 143.60, 65360, 5720, 0, 0
455, 0, 0, 1301, 1301, 1, 11.52%, 0, 0, 2, 186.52, 66302, 5729, 0, 0
460, 0, 0, 1302, 1302, 1, 11.52%, 0, 0, 2, 139.99, 66984, 5729, 0, 0
465, 0, 0, 1305, 1305, 1, 11.52%, 0, 0, 2, 139.31, 67681, 5730, 0, 0
470, 0, 0, 1305, 1305, 1, 11.52%, 0, 0, 2, 145.11, 68431, 5730, 0, 0
475, 0, 0, 1306, 1306, 1, 11.53%, 0, 0, 2, 145.92, 69188, 5731, 0, 0
480, 0, 0, 1308, 1308, 1, 11.53%, 0, 0, 2, 142.12, 69906, 5732, 0, 0
485, 0, 0, 1308, 1308, 1, 11.53%, 0, 0, 2, 146.33, 70662, 5732, 0, 0
491, 0, 0, 1309, 1309, 1, 11.53%, 0, 0, 2, 148.82, 71439, 5732, 0, 0
496, 0, 0, 1309, 1309, 1, 11.53%, 0, 0, 2, 148.42, 72195, 5732, 0, 0
501, 0, 0, 1309, 1309, 1, 11.53%, 0, 0, 2, 146.81, 72943, 5732, 0, 0
506, 0, 0, 1310, 1310, 1, 11.54%, 0, 0, 2, 146.57, 73692, 5737, 0, 0
511, 0, 0, 1310, 1310, 1, 11.54%, 0, 0, 2, 146.50, 74442, 5737, 0, 0
516, 0, 0, 1312, 1312, 1, 11.55%, 0, 0, 2, 146.36, 75190, 5744, 0, 0
521, 0, 0, 1312, 1312, 1, 11.55%, 0, 0, 2, 137.18, 75896, 5744, 0, 0
526, 0, 0, 1321, 1321, 1, 11.58%, 0, 0, 2, 143.02, 76619, 5757, 0, 0
532, 0, 0, 1323, 1323, 1, 11.58%, 0, 0, 2, 144.44, 77365, 5758, 0, 0
537, 0, 0, 1324, 1324, 1, 11.58%, 0, 0, 2, 144.08, 78101, 5759, 0, 0
542, 0, 0, 1327, 1327, 1, 11.58%, 0, 0, 2, 143.50, 78844, 5760, 0, 0
547, 0, 0, 1338, 1338, 1, 11.63%, 0, 0, 2, 119.26, 79457, 5781, 0, 0
552, 0, 0, 1339, 1339, 1, 11.64%, 0, 0, 2, 91.23, 79835, 5787, 0, 0
557, 0, 0, 1343, 1343, 1, 11.65%, 0, 0, 2, 124.82, 80510, 5791, 0, 0
562, 0, 0, 1345, 1345, 1, 11.65%, 0, 0, 2, 135.87, 81224, 5792, 0, 0
567, 0, 0, 1346, 1346, 1, 11.65%, 0, 0, 2, 19.69, 81912, 5792, 0, 0
572, 0, 0, 1346, 1346, 1, 11.65%, 0, 0, 2, 105.64, 82491, 5792, 0, 0
578, 0, 0, 1348, 1348, 1, 11.65%, 0, 0, 2, 87.11, 82910, 5794, 0, 0
583, 0, 0, 1353, 1353, 1, 11.68%, 0, 0, 2, 123.52, 83568, 5807, 0, 0
588, 0, 0, 1354, 1354, 1, 11.68%, 0, 0, 2, 139.63, 84298, 5807, 0, 0
593, 0, 0, 1358, 1358, 1, 11.70%, 0, 0, 2, 141.89, 85036, 5815, 0, 0
598, 0, 0, 1360, 1360, 1, 11.70%, 0, 0, 2, 144.35, 85782, 5816, 0, 0
603, 0, 0, 1363, 1363, 1, 11.70%, 0, 0, 2, 143.93, 86527, 5819, 0, 0
609, 0, 0, 1363, 1363, 1, 11.70%, 0, 0, 2, 130.88, 87187, 5819, 0, 0
614, 0, 0, 1365, 1365, 1, 11.71%, 0, 0, 2, 138.85, 87887, 5821, 0, 0
619, 0, 0, 1368, 1368, 1, 11.71%, 0, 0, 2, 143.91, 88630, 5824, 0, 0
624, 0, 0, 1368, 1368, 1, 11.71%, 0, 0, 2, 144.25, 89372, 5824, 0, 0
629, 0, 0, 1368, 1368, 1, 11.71%, 0, 0, 2, 143.13, 90112, 5824, 0, 0
634, 0, 0, 1368, 1368, 1, 11.71%, 0, 0, 2, 143.80, 90852, 5824, 0, 0
639, 0, 0, 1370, 1370, 1, 11.72%, 0, 0, 2, 145.60, 91598, 5826, 0, 0
644, 0, 0, 1373, 1373, 1, 11.73%, 0, 0, 2, 146.00, 92357, 5831, 0, 0
650, 0, 0, 1373, 1373, 1, 11.73%, 0, 0, 2, 146.34, 93107, 5831, 0, 0
655, 0, 0, 1377, 1377, 1, 11.74%, 0, 0, 2, 146.35, 93857, 5839, 0, 0
660, 0, 0, 1377, 1377, 1, 11.74%, 0, 0, 2, 182.63, 94945, 5839, 0, 0
665, 0, 0, 1377, 1377, 1, 11.74%, 0, 0, 2, 152.73, 95689, 5839, 0, 0
670, 0, 0, 1378, 1378, 1, 11.75%, 0, 0, 2, 148.65, 96431, 5840, 0, 0
675, 0, 0, 1378, 1378, 1, 11.75%, 0, 0, 2, 145.91, 97181, 5840, 0, 0
680, 0, 0, 1378, 1378, 1, 11.75%, 0, 0, 2, 145.87, 97929, 5840, 0, 0
685, 0, 0, 1378, 1378, 1, 11.75%, 0, 0, 2, 145.04, 98675, 5840, 0, 0
691, 0, 0, 1379, 1379, 1, 11.75%, 0, 0, 2, 145.21, 99424, 5841, 0, 0
696, 0, 0, 1379, 1379, 1, 11.75%, 0, 0, 2, 145.87, 100174, 5841, 0, 0
701, 0, 0, 1379, 1379, 1, 11.75%, 0, 0, 2, 145.97, 100918, 5841, 0, 0
706, 0, 0, 1380, 1380, 1, 11.75%, 0, 0, 2, 142.60, 101655, 5842, 0, 0
711, 0, 0, 1380, 1380, 1, 11.75%, 0, 0, 2, 140.41, 102359, 5842, 0, 0
716, 0, 0, 1380, 1380, 1, 11.75%, 0, 0, 2, 144.08, 103107, 5842, 0, 0
722, 0, 0, 1382, 1382, 1, 11.76%, 0, 0, 2, 146.62, 104256, 5849, 0, 0
727, 0, 0, 1382, 1382, 1, 11.76%, 0, 0, 2, 145.12, 105000, 5849, 0, 0
732, 0, 0, 1382, 1382, 1, 11.76%, 0, 0, 2, 146.15, 105748, 5849, 0, 0
737, 0, 0, 1382, 1382, 1, 11.76%, 0, 0, 2, 146.78, 106498, 5849, 0, 0
742, 0, 0, 1383, 1383, 1, 11.77%, 0, 0, 2, 147.23, 107257, 5850, 0, 0
747, 0, 0, 1387, 1387, 1, 11.77%, 0, 0, 2, 145.85, 107989, 5852, 0, 0
752, 0, 0, 1392, 1392, 1, 11.78%, 0, 0, 2, 144.50, 108712, 5859, 0, 0
757, 0, 0, 1399, 1399, 1, 11.79%, 0, 0, 2, 145.52, 109463, 5863, 0, 0
762, 0, 0, 1400, 1400, 1, 11.79%, 0, 0, 2, 139.04, 110220, 5863, 0, 0
768, 0, 0, 1400, 1400, 1, 11.79%, 0, 0, 2, 138.65, 110926, 5863, 0, 0
773, 0, 0, 1400, 1400, 1, 11.79%, 0, 0, 2, 141.09, 111666, 5863, 0, 0
778, 0, 0, 1402, 1402, 1, 11.80%, 0, 0, 2, 147.06, 112430, 5865, 0, 0
783, 0, 0, 1407, 1407, 1, 11.80%, 0, 0, 2, 146.90, 113183, 5865, 0, 0
788, 0, 0, 1409, 1409, 1, 11.80%, 0, 0, 2, 146.52, 113933, 5867, 0, 0
793, 0, 0, 1417, 1417, 1, 11.82%, 0, 0, 2, 146.44, 114691, 5877, 0, 0
798, 0, 0, 1418, 1418, 1, 11.82%, 0, 0, 2, 134.94, 115368, 5878, 0, 0
803, 0, 0, 1429, 1429, 1, 11.84%, 0, 0, 2, 143.41, 116099, 5886, 0, 0
809, 0, 0, 1438, 1438, 1, 11.84%, 0, 0, 2, 143.37, 116846, 5889, 0, 0
814, 0, 0, 1439, 1439, 1, 11.85%, 0, 0, 2, 146.20, 117597, 5890, 0, 0
819, 0, 0, 1442, 1442, 1, 11.85%, 0, 0, 2, 146.51, 118354, 5892, 0, 0
824, 0, 0, 1446, 1446, 1, 11.86%, 0, 0, 2, 146.59, 119108, 5896, 0, 0
829, 0, 0, 1450, 1450, 1, 11.87%, 0, 0, 2, 146.08, 119862, 5900, 0, 0
834, 0, 0, 1451, 1451, 1, 11.87%, 0, 0, 2, 146.56, 120613, 5901, 0, 0
839, 0, 0, 1454, 1454, 1, 11.88%, 0, 0, 2, 146.06, 121362, 5906, 0, 0
845, 0, 0, 1457, 1457, 1, 11.88%, 0, 0, 2, 146.07, 122115, 5908, 0, 0
850, 0, 0, 1464, 1464, 1, 11.89%, 0, 0, 2, 180.42, 123046, 5910, 0, 0
855, 0, 0, 1464, 1464, 1, 11.89%, 0, 0, 2, 140.64, 123687, 5910, 0, 0
860, 0, 0, 1466, 1466, 1, 11.89%, 0, 0, 2, 143.42, 124435, 5912, 0, 0
865, 0, 0, 1466, 1466, 1, 11.89%, 0, 0, 2, 144.42, 125179, 5912, 0, 0
870, 0, 0, 1466, 1466, 1, 11.89%, 0, 0, 2, 142.58, 125909, 5912, 0, 0
875, 0, 0, 1466, 1466, 1, 11.89%, 0, 0, 2, 148.58, 126685, 5912, 0, 0
881, 0, 0, 1466, 1466, 1, 11.89%, 0, 0, 2, 148.15, 127437, 5912, 0, 0
886, 0, 0, 1468, 1468, 1, 11.89%, 0, 0, 2, 145.86, 128181, 5912, 0, 0
891, 0, 0, 1468, 1468, 1, 11.89%, 0, 0, 2, 146.67, 128931, 5912, 0, 0
896, 0, 0, 1469, 1469, 1, 11.89%, 0, 0, 2, 146.16, 129686, 5912, 0, 0
901, 0, 0, 1474, 1474, 1, 11.89%, 0, 0, 2, 147.00, 130446, 5914, 0, 0
906, 0, 0, 1514, 1514, 1, 12.00%, 0, 0, 2, 201.72, 131563, 5969, 0, 0
911, 0, 0, 1528, 1528, 1, 12.05%, 0, 0, 2, 209.70, 132641, 5991, 0, 0
916, 0, 0, 1548, 1548, 1, 12.13%, 0, 0, 2, 206.36, 133722, 6031, 0, 0
922, 0, 0, 1563, 1563, 1, 12.16%, 0, 0, 2, 213.11, 134847, 6047, 0, 0
927, 0, 0, 1576, 1576, 1, 12.19%, 0, 0, 2, 211.56, 135926, 6061, 0, 0
932, 0, 0, 1591, 1591, 1, 12.21%, 0, 0, 2, 205.78, 136971, 6069, 0, 0
937, 0, 0, 1607, 1607, 1, 12.26%, 0, 0, 2, 200.08, 137999, 6094, 0, 0
942, 0, 0, 1618, 1618, 1, 12.27%, 0, 0, 2, 199.65, 138983, 6101, 0, 0
947, 0, 0, 1626, 1626, 1, 12.30%, 0, 0, 2, 204.50, 140012, 6117, 0, 0
952, 0, 0, 1635, 1635, 1, 12.34%, 0, 0, 2, 204.46, 141055, 6135, 0, 0
957, 0, 0, 1649, 1649, 1, 12.36%, 0, 0, 2, 206.25, 142129, 6146, 0, 0
962, 0, 0, 1657, 1657, 1, 12.37%, 0, 0, 2, 213.23, 143229, 6152, 0, 0
968, 0, 0, 1664, 1664, 1, 12.38%, 0, 0, 2, 210.65, 144274, 6153, 0, 0
973, 0, 0, 1673, 1673, 1, 12.40%, 0, 0, 2, 203.78, 145329, 6164, 0, 0
978, 0, 0, 1687, 1687, 1, 12.41%, 0, 0, 2, 215.73, 146427, 6171, 0, 0
983, 0, 0, 1699, 1699, 1, 12.43%, 0, 0, 2, 200.79, 147427, 6182, 0, 0
988, 0, 0, 1713, 1713, 1, 12.46%, 0, 0, 2, 208.49, 148501, 6197, 0, 0
993, 0, 0, 1724, 1724, 1, 12.47%, 0, 0, 2, 214.46, 149602, 6201, 0, 0
998, 0, 0, 1728, 1728, 1, 12.48%, 0, 0, 2, 218.36, 150706, 6204, 0, 0
1003, 0, 0, 1736, 1736, 1, 12.49%, 0, 0, 2, 210.88, 151762, 6212, 0, 0
1008, 0, 0, 1741, 1741, 1, 12.50%, 0, 0, 2, 211.19, 152837, 6214, 0, 0
1013, 0, 0, 1747, 1747, 1, 12.52%, 0, 0, 2, 218.33, 153939, 6225, 0, 0
1018, 0, 0, 1753, 1753, 1, 12.53%, 0, 0, 2, 219.44, 155057, 6228, 0, 0
1023, 0, 0, 1762, 1762, 1, 12.54%, 0, 0, 2, 208.95, 156116, 6235, 0, 0
1028, 0, 0, 1768, 1768, 1, 12.56%, 0, 0, 2, 212.70, 157206, 6243, 0, 0
1033, 0, 0, 1775, 1775, 1, 12.56%, 0, 0, 2, 204.71, 158231, 6247, 0, 0
1039, 0, 0, 1781, 1781, 1, 12.57%, 0, 0, 2, 208.22, 159297, 6251, 0, 0
1044, 0, 0, 1785, 1785, 1, 12.58%, 0, 0, 2, 204.25, 160333, 6253, 0, 0
1049, 0, 0, 1790, 1790, 1, 12.59%, 0, 0, 2, 202.97, 161367, 6261, 0, 0
1054, 0, 0, 1793, 1793, 1, 12.59%, 0, 0, 2, 209.00, 162425, 6262, 0, 0
1059, 0, 0, 1797, 1797, 1, 12.60%, 0, 0, 2, 215.27, 163517, 6263, 0, 0
1064, 0, 0, 1805, 1805, 1, 12.61%, 0, 0, 2, 223.44, 164653, 6268, 0, 0
1069, 0, 0, 1812, 1812, 1, 12.62%, 0, 0, 2, 211.75, 165702, 6274, 0, 0
1074, 0, 0, 1821, 1821, 1, 12.62%, 0, 0, 2, 208.30, 166781, 6277, 0, 0
1079, 0, 0, 1829, 1829, 1, 12.62%, 0, 0, 2, 219.21, 167885, 6277, 0, 0
1084, 0, 0, 1836, 1836, 1, 12.64%, 0, 0, 2, 214.74, 168958, 6283, 0, 0
1089, 0, 0, 1843, 1843, 1, 12.64%, 0, 0, 2, 213.45, 170039, 6285, 0, 0
1094, 0, 0, 1848, 1848, 1, 12.65%, 0, 0, 2, 201.32, 171046, 6289, 0, 0
1099, 0, 0, 1856, 1856, 1, 12.67%, 0, 0, 2, 209.46, 172134, 6298, 0, 0
1104, 0, 0, 1863, 1863, 1, 12.68%, 0, 0, 2, 210.34, 173167, 6303, 0, 0
1109, 0, 0, 1869, 1869, 1, 12.68%, 0, 0, 2, 201.98, 174173, 6303, 0, 0
1114, 0, 0, 1872, 1872, 1, 12.68%, 0, 0, 2, 209.72, 175254, 6304, 0, 0
1120, 0, 0, 1875, 1875, 1, 12.68%, 0, 0, 2, 208.07, 176299, 6306, 0, 0
1125, 0, 0, 1878, 1878, 1, 12.69%, 0, 0, 2, 212.26, 177368, 6310, 0, 0
1130, 0, 0, 1882, 1882, 1, 12.69%, 0, 0, 2, 218.22, 178472, 6311, 0, 0
1135, 0, 0, 1886, 1886, 1, 12.70%, 0, 0, 2, 218.69, 179572, 6316, 0, 0
1140, 0, 0, 1889, 1889, 1, 12.70%, 0, 0, 2, 222.87, 180717, 6316, 0, 0
1145, 0, 0, 1896, 1896, 1, 12.71%, 0, 0, 2, 219.26, 181842, 6319, 0, 0
1150, 0, 0, 1903, 1903, 1, 12.71%, 0, 0, 2, 215.99, 182927, 6321, 0, 0
1155, 0, 0, 1908, 1908, 1, 12.71%, 0, 0, 2, 213.59, 184058, 6322, 0, 0
1160, 0, 1105, 1912, 1910, 793, 12.72%, 0, 0, 2, 568.69, 186657, 6325, 0, 0
1166, 0, 1105, 1924, 1922, 793, 12.73%, 0, 0, 3, 374.40, 188402, 6327, 0, 0
1171, 0, 1105, 1931, 1929, 793, 12.73%, 0, 0, 3, 328.97, 190005, 6328, 0, 0
1176, 0, 1105, 1937, 1935, 793, 12.73%, 0, 0, 3, 320.97, 191601, 6331, 0, 0
1181, 0, 1105, 1946, 1944, 793, 12.75%, 0, 0, 3, 313.55, 193194, 6340, 0, 0
1186, 0, 1105, 1958, 1956, 793, 12.77%, 0, 0, 3, 310.04, 194808, 6347, 0, 0
1191, 0, 1105, 1968, 1966, 793, 12.79%, 0, 0, 3, 303.25, 196354, 6358, 0, 0
1196, 0, 1105, 1975, 1973, 793, 12.79%, 0, 0, 3, 322.40, 197981, 6358, 0, 0
1201, 0, 1105, 1979, 1977, 793, 12.79%, 0, 0, 3, 330.66, 199653, 6358, 0, 0
1206, 0, 1024, 1985, 1981, 785, 12.79%, 0, 0, 3, 592.19, 202796, 6361, 0, 0
1211, 0, 156, 1987, 1978, 782, 12.80%, 0, 0, 3, 695.45, 206206, 6362, 0, 0
1217, 0, 156, 1995, 1986, 782, 12.80%, 0, 0, 3, 376.08, 207913, 6364, 0, 0
1222, 0, 156, 1998, 1989, 782, 12.80%, 0, 0, 3, 252.15, 209026, 6364, 0, 0
1227, 0, 156, 2003, 1994, 782, 12.80%, 0, 0, 3, 220.51, 210086, 6365, 0, 0
1232, 0, 156, 2005, 1996, 782, 12.81%, 0, 0, 3, 220.08, 211168, 6367, 0, 0
1237, 0, 156, 2005, 1996, 782, 12.81%, 0, 0, 3, 217.03, 212276, 6367, 0, 0
1242, 0, 156, 2009, 2000, 782, 12.81%, 0, 0, 3, 216.67, 213344, 6371, 0, 0
1247, 0, 156, 2011, 2002, 782, 12.81%, 0, 0, 3, 216.28, 214422, 6371, 0, 0
1252, 0, 156, 2013, 2004, 782, 12.82%, 0, 0, 3, 219.54, 215532, 6373, 0, 0
1257, 0, 156, 2015, 2006, 782, 12.82%, 0, 0, 3, 218.42, 216642, 6373, 0, 0
1262, 0, 156, 2024, 2015, 782, 12.82%, 0, 0, 3, 216.32, 217741, 6375, 0, 0
1267, 0, 156, 2030, 2021, 782, 12.83%, 0, 0, 3, 210.09, 218823, 6379, 0, 0
1272, 0, 156, 2031, 2022, 782, 12.83%, 0, 0, 3, 218.15, 219926, 6379, 0, 0
1277, 0, 1787, 2035, 2024, 788, 12.83%, 0, 0, 3, 424.47, 222703, 6379, 0, 0
1282, 0, 1787, 2039, 2028, 788, 12.83%, 0, 0, 3, 215.84, 223479, 6379, 0, 0
1288, 0, 1787, 2044, 2033, 788, 12.83%, 0, 0, 3, 153.53, 224206, 6380, 0, 0
1293, 0, 1787, 2044, 2033, 788, 12.83%, 0, 0, 3, 153.52, 224965, 6380, 0, 0
1298, 0, 1787, 2044, 2033, 788, 12.83%, 0, 0, 3, 151.55, 225742, 6380, 0, 0
1303, 0, 1787, 2044, 2033, 788, 12.83%, 0, 0, 3, 152.45, 226522, 6380, 0, 0
1308, 0, 1787, 2044, 2033, 788, 12.83%, 0, 0, 3, 144.82, 227264, 6380, 0, 0
1313, 0, 1787, 2044, 2033, 788, 12.83%, 0, 0, 3, 151.29, 228034, 6380, 0, 0
1318, 0, 1787, 2044, 2033, 788, 12.83%, 0, 0, 3, 152.68, 228817, 6380, 0, 0
1323, 0, 1787, 2045, 2034, 788, 12.84%, 0, 0, 3, 156.84, 229639, 6386, 0, 0
1328, 0, 1787, 2045, 2034, 788, 12.84%, 0, 0, 3, 152.07, 230405, 6386, 0, 0
1333, 0, 1787, 2045, 2034, 788, 12.84%, 0, 0, 3, 153.47, 231185, 6386, 0, 0
1338, 0, 1787, 2046, 2035, 788, 12.84%, 0, 0, 3, 152.73, 231965, 6386, 0, 0
1344, 0, 1787, 2046, 2035, 788, 12.84%, 0, 0, 3, 151.75, 232740, 6386, 0, 0
1349, 0, 1787, 2046, 2035, 788, 12.84%, 0, 0, 3, 150.51, 233496, 6386, 0, 0
1354, 0, 1787, 2046, 2035, 788, 12.84%, 0, 0, 3, 151.68, 234263, 6386, 0, 0
1359, 0, 1787, 2047, 2036, 788, 12.84%, 0, 0, 3, 151.67, 235041, 6386, 0, 0
1364, 0, 1787, 2047, 2036, 788, 12.84%, 0, 0, 3, 150.59, 235806, 6386, 0, 0
1369, 0, 1787, 2048, 2037, 788, 12.84%, 0, 0, 3, 152.25, 236584, 6386, 0, 0
1374, 0, 1787, 2048, 2037, 788, 12.84%, 0, 0, 3, 150.84, 237355, 6386, 0, 0
1379, 0, 1787, 2053, 2042, 788, 12.84%, 0, 0, 3, 152.38, 238137, 6386, 0, 0
1384, 0, 1787, 2053, 2042, 788, 12.84%, 0, 0, 3, 154.34, 238923, 6386, 0, 0
1389, 0, 1787, 2054, 2043, 788, 12.84%, 0, 0, 3, 154.31, 239711, 6386, 0, 0
1394, 0, 1787, 2055, 2044, 788, 12.84%, 0, 0, 3, 155.09, 240504, 6386, 0, 0
1400, 0, 1787, 2058, 2047, 788, 12.84%, 0, 0, 3, 150.56, 241275, 6386, 0, 0
1405, 0, 1787, 2058, 2047, 788, 12.84%, 0, 0, 3, 153.94, 242067, 6386, 0, 0
1410, 0, 1787, 2058, 2047, 788, 12.84%, 0, 0, 3, 149.62, 242825, 6386, 0, 0
1415, 0, 1787, 2060, 2049, 788, 12.84%, 0, 0, 3, 151.21, 243608, 6386, 0, 0
1420, 0, 1787, 2060, 2049, 788, 12.84%, 0, 0, 3, 151.82, 244364, 6386, 0, 0
1425, 0, 1787, 2062, 2051, 788, 12.85%, 0, 0, 3, 152.81, 245145, 6388, 0, 0
1430, 0, 1787, 2062, 2051, 788, 12.85%, 0, 0, 3, 149.37, 245897, 6388, 0, 0
1435, 0, 1787, 2062, 2051, 788, 12.85%, 0, 0, 3, 151.93, 246678, 6388, 0, 0
1440, 0, 1787, 2062, 2051, 788, 12.85%, 0, 0, 3, 152.16, 247455, 6388, 0, 0
1446, 0, 1787, 2062, 2051, 788, 12.85%, 0, 0, 3, 153.09, 248238, 6388, 0, 0
1451, 0, 1787, 2062, 2051, 788, 12.85%, 0, 0, 3, 152.43, 249015, 6388, 0, 0
1456, 0, 1787, 2062, 2051, 788, 12.85%, 0, 0, 3, 152.96, 249801, 6388, 0, 0
1461, 0, 1787, 2062, 2051, 788, 12.85%, 0, 0, 3, 153.06, 250581, 6388, 0, 0
1466, 0, 1787, 2062, 2051, 788, 12.85%, 0, 0, 3, 153.24, 251361, 6388, 0, 0
1471, 0, 1787, 2062, 2051, 788, 12.85%, 0, 0, 3, 151.92, 252138, 6388, 0, 0
1476, 0, 1787, 2062, 2051, 788, 12.85%, 0, 0, 3, 152.86, 252924, 6388, 0, 0
1481, 0, 1787, 2062, 2051, 788, 12.85%, 0, 0, 3, 153.18, 253707, 6388, 0, 0
1487, 0, 1787, 2062, 2051, 788, 12.85%, 0, 0, 3, 153.60, 254493, 6388, 0, 0
1492, 0, 1787, 2062, 2051, 788, 12.85%, 0, 0, 3, 153.02, 255270, 6388, 0, 0
1497, 0, 1787, 2062, 2051, 788, 12.85%, 0, 0, 3, 152.56, 256053, 6388, 0, 0
1502, 0, 1787, 2062, 2051, 788, 12.85%, 0, 0, 3, 153.16, 256839, 6388, 0, 0
1507, 0, 1787, 2068, 2057, 788, 12.85%, 0, 0, 3, 152.61, 257614, 6388, 0, 0
1512, 0, 1787, 2072, 2061, 788, 12.86%, 0, 0, 3, 152.39, 258395, 6392, 0, 0
1517, 0, 1787, 2072, 2061, 788, 12.86%, 0, 0, 3, 152.49, 259175, 6392, 0, 0
1522, 0, 1787, 2076, 2065, 788, 12.86%, 0, 0, 3, 150.91, 259939, 6395, 0, 0
1527, 0, 1787, 2078, 2067, 788, 12.86%, 0, 0, 3, 150.62, 260709, 6395, 0, 0
1532, 0, 1787, 2082, 2071, 788, 12.86%, 0, 0, 3, 150.43, 261478, 6396, 0, 0
1538, 0, 1787, 2086, 2075, 788, 12.87%, 0, 0, 3, 150.73, 262244, 6397, 0, 0
1543, 0, 1787, 2090, 2079, 788, 12.87%, 0, 0, 3, 151.13, 263004, 6399, 0, 0
1548, 0, 1787, 2090, 2079, 788, 12.87%, 0, 0, 3, 153.02, 263790, 6399, 0, 0
1553, 0, 1787, 2091, 2080, 788, 12.87%, 0, 0, 3, 988.83, 265115, 6401, 0, 0
1558, 0, 1787, 2091, 2080, 788, 12.87%, 0, 0, 3, 979.24, 270017, 6401, 0, 0
1563, 0, 1787, 2098, 2087, 788, 12.88%, 0, 0, 3, 236.91, 272182, 6403, 0, 0
1568, 0, 1787, 2099, 2088, 788, 12.88%, 0, 0, 3, 257.78, 273570, 6403, 0, 0
1573, 0, 1787, 2103, 2092, 788, 12.88%, 0, 0, 3, 277.73, 274998, 6404, 0, 0
1578, 0, 1787, 2110, 2099, 788, 12.88%, 0, 0, 3, 287.14, 276477, 6405, 0, 0
1583, 0, 1787, 2113, 2102, 788, 12.88%, 0, 0, 3, 288.81, 277958, 6405, 0, 0
1588, 0, 1787, 2117, 2106, 788, 12.88%, 0, 0, 3, 291.74, 279431, 6406, 0, 0
1594, 0, 1787, 2119, 2108, 788, 12.88%, 0, 0, 3, 285.06, 280925, 6406, 0, 0
1599, 0, 1787, 2120, 2109, 788, 12.88%, 0, 0, 3, 289.95, 282372, 6406, 0, 0
1604, 0, 1787, 2123, 2112, 788, 12.88%, 0, 0, 3, 265.13, 283733, 6406, 0, 0
1609, 0, 1787, 2127, 2116, 788, 12.89%, 0, 0, 3, 261.34, 285046, 6407, 0, 0
1614, 0, 1787, 2132, 2121, 788, 12.89%, 0, 0, 3, 277.34, 286455, 6408, 0, 0
1619, 0, 1787, 2135, 2124, 788, 12.89%, 0, 0, 3, 272.64, 287832, 6410, 0, 0
1624, 0, 1787, 2140, 2129, 788, 12.90%, 0, 0, 3, 282.18, 289242, 6414, 0, 0
1629, 0, 1787, 2143, 2132, 788, 12.90%, 0, 0, 3, 281.11, 290648, 6415, 0, 0
1634, 0, 1787, 2148, 2137, 788, 12.91%, 0, 0, 3, 270.16, 292013, 6418, 0, 0
1639, 0, 1787, 2154, 2143, 788, 12.91%, 0, 0, 3, 271.35, 293365, 6420, 0, 0
1644, 0, 1787, 2155, 2144, 788, 12.91%, 0, 0, 3, 274.87, 294812, 6421, 0, 0
1649, 0, 1787, 2162, 2151, 788, 12.92%, 0, 0, 3, 259.34, 296101, 6425, 0, 0
1654, 0, 1787, 2166, 2155, 788, 12.92%, 0, 0, 3, 278.86, 297514, 6425, 0, 0
1660, 0, 1787, 2172, 2161, 788, 12.93%, 0, 0, 3, 269.30, 298871, 6429, 0, 0
1665, 0, 1787, 2175, 2164, 788, 12.93%, 0, 0, 3, 282.69, 300307, 6430, 0, 0
1670, 0, 1787, 2177, 2166, 788, 12.93%, 0, 0, 3, 278.36, 301716, 6430, 0, 0
1675, 0, 1787, 2186, 2175, 788, 12.94%, 0, 0, 3, 277.51, 303099, 6434, 0, 0
1680, 0, 1787, 2189, 2178, 788, 12.94%, 0, 0, 3, 284.77, 304565, 6435, 0, 0
1685, 0, 1787, 2193, 2182, 788, 12.94%, 0, 0, 3, 283.60, 306008, 6436, 0, 0
1690, 0, 1787, 2196, 2185, 788, 12.94%, 0, 0, 3, 286.06, 307499, 6436, 0, 0
1695, 0, 1787, 2202, 2191, 788, 12.97%, 0, 0, 3, 281.00, 308881, 6447, 0, 0
1700, 0, 1787, 2206, 2195, 788, 12.97%, 0, 0, 3, 274.41, 310254, 6448, 0, 0
1706, 0, 1787, 2207, 2196, 788, 12.97%, 0, 0, 3, 289.03, 311756, 6448, 0, 0
1711, 0, 1787, 2210, 2199, 788, 12.97%, 0, 0, 3, 273.19, 313127, 6449, 0, 0
1716, 0, 1787, 2212, 2201, 788, 12.97%, 0, 0, 3, 277.51, 314561, 6450, 0, 0
1721, 0, 1787, 2215, 2204, 788, 12.97%, 0, 0, 3, 274.71, 315957, 6450, 0, 0
1726, 0, 1787, 2220, 2209, 788, 12.97%, 0, 0, 3, 273.07, 317357, 6450, 0, 0
1731, 0, 1787, 2226, 2215, 788, 13.04%, 0, 0, 3, 276.28, 318746, 6485, 0, 0
1736, 0, 1787, 2230, 2219, 788, 13.04%, 0, 0, 3, 275.35, 320102, 6485, 0, 0
1741, 0, 1787, 2233, 2222, 788, 13.04%, 0, 0, 3, 285.64, 321528, 6485, 0, 0
1746, 0, 1787, 2240, 2229, 788, 13.04%, 0, 0, 3, 292.00, 323032, 6486, 0, 0
1751, 0, 2188, 2240, 2226, 801, 13.04%, 0, 0, 3, 677.81, 326688, 6486, 0, 0
1756, 0, 1392, 2245, 2229, 799, 13.05%, 0, 0, 3, 632.20, 330051, 6487, 0, 0
1762, 0, 1392, 2253, 2237, 799, 13.05%, 0, 0, 3, 387.18, 331689, 6488, 0, 0
1767, 0, 1392, 2259, 2243, 799, 13.05%, 0, 0, 3, 341.95, 333349, 6490, 0, 0
1772, 0, 1392, 2261, 2245, 799, 13.06%, 0, 0, 3, 326.37, 335037, 6492, 0, 0
1777, 0, 1392, 2268, 2252, 799, 13.06%, 0, 0, 3, 323.54, 336694, 6493, 0, 0
1782, 0, 1392, 2272, 2256, 799, 13.06%, 0, 0, 3, 303.12, 338330, 6493, 0, 0
1787, 0, 1392, 2280, 2264, 799, 13.06%, 0, 0, 3, 301.17, 339833, 6494, 0, 0
1793, 0, 1392, 2282, 2266, 799, 13.06%, 0, 0, 3, 309.46, 341461, 6494, 0, 0
1798, 0, 1486, 2284, 2267, 801, 13.06%, 0, 0, 3, 442.84, 343601, 6494, 0, 0
1803, 0, 2073, 2284, 2265, 799, 13.06%, 0, 0, 3, 212.87, 345846, 6494, 0, 0
1808, 0, 1633, 2284, 2264, 798, 13.06%, 0, 0, 3, 313.11, 347578, 6494, 0, 0
1813, 0, 1925, 2286, 2264, 797, 13.06%, 0, 0, 3, 403.75, 349724, 6495, 0, 0
1818, 0, 511, 2286, 2263, 796, 13.06%, 0, 0, 3, 248.66, 351546, 6495, 0, 0
1823, 0, 1751, 2286, 2261, 794, 13.06%, 0, 0, 3, 307.27, 353081, 6495, 0, 0
1828, 0, 1643, 2286, 2260, 793, 13.06%, 0, 0, 3, 363.76, 355267, 6495, 0, 0
1833, 0, 349, 2286, 2257, 790, 13.06%, 0, 0, 3, 495.77, 357861, 6495, 0, 0
1839, 0, 1417, 2286, 2255, 789, 13.06%, 0, 0, 3, 623.03, 361323, 6495, 0, 0
1844, 0, 510, 2287, 2253, 787, 13.06%, 0, 0, 4, 607.96, 364510, 6495, 0, 0
1849, 0, 2231, 2289, 2253, 785, 13.07%, 0, 0, 4, 122.73, 367508, 6499, 0, 0
1854, 0, 2231, 2295, 2259, 785, 13.07%, 0, 0, 4, 135.06, 368242, 6500, 0, 0
1859, 0, 2231, 2298, 2262, 785, 13.07%, 0, 0, 4, 133.12, 368926, 6500, 0, 0
1864, 0, 2231, 2301, 2265, 785, 13.07%, 0, 0, 4, 141.57, 369665, 6500, 0, 0
1870, 0, 2231, 2301, 2265, 785, 13.07%, 0, 0, 4, 147.65, 370437, 6500, 0, 0
1875, 0, 2231, 2301, 2265, 785, 13.07%, 0, 0, 4, 149.99, 371223, 6500, 0, 0
1880, 0, 473, 2302, 2265, 785, 13.07%, 0, 0, 4, 901.67, 372737, 6500, 0, 0
1885, 0, 2302, 2305, 2267, 786, 13.07%, 0, 0, 4, 245.22, 374059, 6501, 0, 0
1890, 0, 1742, 2306, 2266, 784, 13.07%, 0, 0, 4, 107.87, 377537, 6501, 0, 0
1895, 0, 2166, 2308, 2266, 782, 13.07%, 0, 0, 4, 542.35, 380028, 6501, 0, 0
1900, 0, 2166, 2313, 2271, 782, 13.07%, 0, 0, 4, 371.43, 381658, 6501, 0, 0
1906, 0, 2166, 2321, 2279, 782, 13.08%, 0, 0, 4, 357.58, 383464, 6502, 0, 0
1911, 0, 2166, 2325, 2283, 782, 13.08%, 0, 0, 4, 367.90, 385347, 6504, 0, 0
1916, 0, 2166, 2329, 2287, 782, 13.08%, 0, 0, 4, 390.98, 387405, 6504, 0, 0
1921, 0, 2166, 2329, 2287, 782, 13.08%, 0, 0, 4, 380.68, 388469, 6504, 0, 0
1926, 0, 2166, 2334, 2292, 782, 13.08%, 0, 0, 4, 335.85, 390221, 6504, 0, 0
1931, 0, 2166, 2340, 2298, 782, 13.08%, 0, 0, 4, 347.01, 392003, 6505, 0, 0
1936, 0, 519, 2342, 2299, 783, 13.08%, 0, 0, 4, 449.54, 394063, 6505, 0, 0
1941, 0, 2117, 2342, 2296, 781, 13.08%, 0, 0, 4, 519.28, 396712, 6505, 0, 0
1946, 0, 491, 2342, 2294, 779, 13.08%, 0, 0, 4, 680.95, 400217, 6505, 0, 0
1952, 0, 1017, 2342, 2291, 776, 13.08%, 0, 0, 4, 615.30, 403075, 6505, 0, 0
1957, 0, 1765, 2342, 2288, 773, 13.08%, 0, 0, 4, 722.03, 407018, 6505, 0, 0
1962, 0, 461, 2342, 2287, 772, 13.08%, 0, 0, 4, 57.70, 409137, 6505, 0, 0
1967, 0, 461, 2343, 2288, 772, 13.08%, 0, 0, 4, 56.90, 409433, 6505, 0, 0
1972, 0, 461, 2343, 2288, 772, 13.08%, 0, 0, 4, 61.33, 409755, 6505, 0, 0
1977, 0, 461, 2343, 2288, 772, 13.08%, 0, 0, 4, 64.01, 410090, 6505, 0, 0
1982, 0, 461, 2343, 2288, 772, 13.08%, 0, 0, 4, 64.18, 410420, 6505, 0, 0
1987, 0, 461, 2346, 2291, 772, 13.08%, 0, 0, 4, 64.98, 410750, 6505, 0, 0
1993, 0, 461, 2346, 2291, 772, 13.08%, 0, 0, 4, 65.24, 411089, 6505, 0, 0
1998, 0, 461, 2346, 2291, 772, 13.08%, 0, 0, 4, 65.28, 411416, 6505, 0, 0
2003, 0, 461, 2347, 2292, 772, 13.08%, 0, 0, 4, 64.51, 411740, 6505, 0, 0
2008, 0, 461, 2351, 2296, 772, 13.09%, 0, 0, 4, 62.12, 412049, 6506, 0, 0
2013, 0, 461, 2351, 2296, 772, 13.09%, 0, 0, 4, 64.10, 412383, 6506, 0, 0
2018, 0, 461, 2351, 2296, 772, 13.09%, 0, 0, 4, 65.35, 412714, 6506, 0, 0
2023, 0, 461, 2351, 2296, 772, 13.09%, 0, 0, 4, 65.75, 413045, 6506, 0, 0
2028, 0, 461, 2351, 2296, 772, 13.09%, 0, 0, 4, 65.99, 413381, 6506, 0, 0
2033, 0, 461, 2351, 2296, 772, 13.09%, 0, 0, 4, 65.59, 413712, 6506, 0, 0
2038, 0, 461, 2351, 2296, 772, 13.09%, 0, 0, 4, 65.33, 414049, 6506, 0, 0
2043, 0, 461, 2351, 2296, 772, 13.09%, 0, 0, 4, 65.88, 414383, 6506, 0, 0
2048, 0, 461, 2351, 2296, 772, 13.09%, 0, 0, 4, 65.94, 414715, 6506, 0, 0
2054, 0, 461, 2351, 2296, 772, 13.09%, 0, 0, 4, 64.79, 415051, 6506, 0, 0
2059, 0, 461, 2351, 2296, 772, 13.09%, 0, 0, 4, 65.16, 415390, 6506, 0, 0
2064, 0, 461, 2351, 2296, 772, 13.09%, 0, 0, 4, 65.44, 415719, 6506, 0, 0
2069, 0, 461, 2351, 2296, 772, 13.09%, 0, 0, 4, 65.01, 416044, 6506, 0, 0
2074, 0, 461, 2351, 2296, 772, 13.09%, 0, 0, 4, 65.43, 416384, 6506, 0, 0
2079, 0, 461, 2351, 2296, 772, 13.09%, 0, 0, 4, 65.42, 416725, 6506, 0, 0
2084, 0, 461, 2351, 2296, 772, 13.09%, 0, 0, 4, 65.39, 417064, 6506, 0, 0
2089, 0, 461, 2351, 2296, 772, 13.09%, 0, 0, 4, 65.55, 417393, 6506, 0, 0
2094, 0, 461, 2351, 2296, 772, 13.09%, 0, 0, 4, 65.65, 417723, 6506, 0, 0
2099, 0, 461, 2351, 2296, 772, 13.09%, 0, 0, 4, 65.41, 418051, 6506, 0, 0
2105, 0, 461, 2351, 2296, 772, 13.09%, 0, 0, 4, 65.25, 418377, 6506, 0, 0
2110, 0, 461, 2351, 2296, 772, 13.09%, 0, 0, 4, 65.42, 418706, 6506, 0, 0
2115, 0, 461, 2351, 2296, 772, 13.09%, 0, 0, 4, 65.52, 419035, 6506, 0, 0
2120, 0, 461, 2351, 2296, 772, 13.09%, 0, 0, 4, 65.59, 419364, 6506, 0, 0
2125, 0, 461, 2351, 2296, 772, 13.09%, 0, 0, 4, 68.98, 419715, 6506, 0, 0
2130, 0, 461, 2352, 2297, 772, 13.09%, 0, 0, 4, 67.39, 420095, 6506, 0, 0
2135, 0, 461, 2352, 2297, 772, 13.09%, 0, 0, 4, 65.75, 420421, 6506, 0, 0
2140, 0, 461, 2353, 2298, 772, 13.09%, 0, 0, 4, 64.87, 420756, 6508, 0, 0
2145, 0, 461, 2353, 2298, 772, 13.09%, 0, 0, 4, 65.12, 421095, 6508, 0, 0
2150, 0, 461, 2353, 2298, 772, 13.09%, 0, 0, 4, 65.18, 421432, 6508, 0, 0
2156, 0, 461, 2353, 2298, 772, 13.09%, 0, 0, 4, 65.15, 421771, 6508, 0, 0
2161, 0, 461, 2353, 2298, 772, 13.09%, 0, 0, 4, 64.40, 422102, 6508, 0, 0
2166, 0, 461, 2353, 2298, 772, 13.09%, 0, 0, 4, 64.39, 422430, 6508, 0, 0
2171, 0, 461, 2353, 2298, 772, 13.09%, 0, 0, 4, 64.84, 422767, 6508, 0, 0
2176, 0, 461, 2353, 2298, 772, 13.09%, 0, 0, 4, 64.78, 423105, 6508, 0, 0
2181, 0, 461, 2353, 2298, 772, 13.09%, 0, 0, 4, 64.78, 423430, 6508, 0, 0
2187, 0, 461, 2354, 2299, 772, 13.09%, 0, 0, 4, 64.79, 423767, 6508, 0, 0
2192, 0, 461, 2354, 2299, 772, 13.09%, 0, 0, 4, 64.21, 424090, 6508, 0, 0
2197, 0, 461, 2354, 2299, 772, 13.09%, 0, 0, 4, 64.38, 424415, 6508, 0, 0
2202, 0, 461, 2354, 2299, 772, 13.09%, 0, 0, 4, 64.97, 424741, 6508, 0, 0
2207, 0, 461, 2354, 2299, 772, 13.09%, 0, 0, 4, 65.26, 425068, 6508, 0, 0
2212, 0, 461, 2354, 2299, 772, 13.09%, 0, 0, 4, 65.50, 425396, 6508, 0, 0
2217, 0, 461, 2354, 2299, 772, 13.09%, 0, 0, 4, 65.35, 425735, 6508, 0, 0
2222, 0, 461, 2354, 2299, 772, 13.09%, 0, 0, 4, 65.47, 426064, 6508, 0, 0
2227, 0, 461, 2354, 2299, 772, 13.09%, 0, 0, 4, 65.43, 426391, 6508, 0, 0
2232, 0, 461, 2354, 2299, 772, 13.09%, 0, 0, 4, 65.55, 426719, 6508, 0, 0
2237, 0, 461, 2354, 2299, 772, 13.09%, 0, 0, 4, 65.09, 427055, 6508, 0, 0
2242, 0, 461, 2354, 2299, 772, 13.09%, 0, 0, 4, 65.37, 427382, 6508, 0, 0
2247, 0, 461, 2354, 2299, 772, 13.09%, 0, 0, 4, 65.51, 427711, 6508, 0, 0
2252, 0, 461, 2354, 2299, 772, 13.09%, 0, 0, 4, 65.02, 428035, 6508, 0, 0
2257, 0, 461, 2354, 2299, 772, 13.09%, 0, 0, 4, 65.56, 428365, 6508, 0, 0
2262, 0, 461, 2354, 2299, 772, 13.09%, 0, 0, 4, 65.63, 428696, 6508, 0, 0
2267, 0, 461, 2354, 2299, 772, 13.09%, 0, 0, 4, 61.50, 429019, 6508, 0, 0
2272, 0, 461, 2354, 2299, 772, 13.09%, 0, 0, 4, 63.25, 429348, 6508, 0, 0
2278, 0, 461, 2354, 2299, 772, 13.09%, 0, 0, 4, 63.31, 429679, 6508, 0, 0
2281, 0, 461, 2354, 2299, 772, 13.09%, 0, 0, 4, 63.89, 429926, 6508, 0, 0
