# relative_time, cycles_done, cur_item, corpus_count, pending_total, pending_favs, map_size, saved_crashes, saved_hangs, max_depth, execs_per_sec, total_execs, edges_found, total_crashes, servers_count
60, 0, 11, 364, 355, 4, 4.43%, 0, 0, 2, 745.36, 45203, 1086, 0, 0
65, 0, 11, 371, 362, 4, 4.48%, 0, 0, 2, 746.84, 49088, 1097, 0, 0
70, 0, 11, 376, 367, 4, 4.49%, 0, 0, 2, 745.34, 52945, 1100, 0, 0
75, 0, 337, 411, 397, 75, 4.55%, 0, 0, 3, 742.28, 56705, 1115, 0, 0
80, 0, 337, 433, 419, 75, 4.56%, 0, 0, 3, 738.16, 60423, 1118, 0, 0
86, 0, 337, 452, 438, 75, 4.60%, 0, 0, 3, 739.87, 64196, 1127, 0, 0
91, 0, 337, 469, 455, 75, 4.62%, 0, 0, 3, 744.54, 67955, 1133, 0, 0
96, 0, 183, 478, 462, 80, 4.63%, 0, 0, 3, 748.22, 71701, 1135, 0, 0
101, 0, 183, 483, 467, 80, 4.63%, 0, 0, 3, 744.99, 75586, 1135, 0, 0
106, 0, 183, 486, 470, 80, 4.63%, 0, 0, 3, 742.35, 79303, 1135, 0, 0
111, 0, 283, 501, 483, 78, 4.64%, 0, 0, 3, 742.99, 83028, 1138, 0, 0
116, 0, 283, 505, 487, 78, 4.64%, 0, 0, 3, 748.59, 86892, 1138, 0, 0
121, 0, 283, 509, 491, 78, 4.65%, 0, 0, 3, 746.04, 90770, 1139, 0, 0
126, 0, 362, 513, 492, 76, 4.66%, 0, 0, 3, 751.41, 94674, 1142, 0, 0
131, 0, 362, 528, 507, 76, 4.71%, 0, 0, 3, 751.15, 98484, 1154, 0, 0
137, 0, 362, 537, 516, 76, 4.73%, 0, 0, 3, 748.49, 102340, 1158, 0, 0
142, 0, 362, 549, 528, 76, 4.73%, 0, 0, 3, 746.30, 106092, 1159, 0, 0
147, 0, 524, 567, 544, 78, 4.74%, 0, 0, 4, 745.89, 109840, 1161, 0, 0
152, 0, 524, 585, 562, 78, 4.75%, 0, 0, 4, 744.48, 113592, 1163, 0, 0
157, 0, 524, 593, 570, 78, 4.78%, 0, 0, 4, 747.42, 117470, 1171, 0, 0
162, 0, 417, 603, 578, 78, 4.79%, 0, 0, 4, 747.94, 121226, 1174, 0, 0
167, 0, 343, 620, 591, 74, 4.79%, 0, 0, 4, 743.95, 125003, 1174, 0, 0
172, 0, 343, 632, 603, 74, 4.80%, 0, 0, 4, 742.47, 128755, 1175, 0, 0
177, 0, 343, 645, 616, 74, 4.80%, 0, 0, 4, 743.15, 132486, 1176, 0, 0
181, 0, 560, 656, 625, 75, 4.81%, 0, 0, 5, 743.71, 135361, 1179, 0, 0
