# relative_time, cycles_done, cur_item, corpus_count, pending_total, pending_favs, map_size, saved_crashes, saved_hangs, max_depth, execs_per_sec, total_execs, edges_found, total_crashes, servers_count
61, 0, 11, 411, 403, 4, 4.53%, 0, 0, 2, 757.35, 46414, 1110, 0, 0
66, 0, 11, 426, 418, 4, 4.62%, 0, 0, 2, 750.54, 50280, 1133, 0, 0
71, 0, 11, 437, 429, 4, 4.65%, 0, 0, 2, 749.34, 54044, 1139, 0, 0
76, 0, 434, 468, 458, 81, 4.70%, 0, 0, 3, 747.00, 57781, 1151, 0, 0
81, 0, 434, 493, 483, 81, 4.73%, 0, 0, 3, 752.52, 61592, 1158, 0, 0
86, 0, 434, 507, 497, 81, 4.73%, 0, 0, 3, 755.84, 65457, 1158, 0, 0
91, 0, 434, 522, 512, 81, 4.74%, 0, 0, 3, 753.54, 69237, 1161, 0, 0
96, 0, 429, 550, 535, 86, 4.79%, 0, 0, 3, 751.16, 73013, 1173, 0, 0
101, 0, 429, 569, 554, 86, 4.80%, 0, 0, 3, 751.87, 76866, 1176, 0, 0
106, 0, 429, 576, 561, 86, 4.80%, 0, 0, 3, 751.69, 80695, 1176, 0, 0
111, 0, 547, 595, 578, 93, 4.81%, 0, 0, 4, 750.33, 84564, 1178, 0, 0
117, 0, 547, 610, 593, 93, 4.86%, 0, 0, 4, 749.65, 88374, 1191, 0, 0
122, 0, 547, 617, 600, 93, 4.87%, 0, 0, 4, 743.58, 92109, 1193, 0, 0
127, 0, 547, 627, 610, 93, 4.87%, 0, 0, 4, 743.13, 95847, 1193, 0, 0
132, 0, 578, 644, 624, 95, 4.88%, 0, 0, 4, 741.38, 99577, 1197, 0, 0
137, 0, 578, 659, 639, 95, 4.90%, 0, 0, 4, 742.24, 103350, 1200, 0, 0
142, 0, 578, 673, 653, 95, 4.93%, 0, 0, 4, 740.74, 107102, 1208, 0, 0
147, 0, 290, 686, 660, 92, 4.93%, 0, 0, 4, 742.01, 110856, 1209, 0, 0
152, 0, 290, 694, 668, 92, 4.94%, 0, 0, 4, 740.02, 114594, 1210, 0, 0
157, 0, 290, 698, 672, 92, 4.94%, 0, 0, 4, 738.79, 118290, 1210, 0, 0
162, 0, 290, 704, 678, 92, 4.94%, 0, 0, 4, 736.41, 121986, 1211, 0, 0
167, 0, 525, 712, 674, 84, 4.95%, 0, 0, 4, 741.56, 125843, 1212, 0, 0
172, 0, 4, 713, 672, 82, 4.95%, 0, 0, 4, 312.65, 126949, 1212, 0, 0
178, 0, 4, 722, 681, 82, 4.95%, 0, 0, 4, 194.97, 127797, 1212, 0, 0
183, 0, 4, 733, 692, 82, 4.95%, 0, 0, 4, 169.52, 128633, 1212, 0, 0
184, 0, 4, 736, 695, 82, 4.95%, 0, 0, 4, 165.75, 128911, 1212, 0, 0
